{
  "epoch": 5,
  "train_loss": 4.98389,
  "eval_loss": 4.89622
}