{
  "epoch": 15,
  "train_loss": 4.43441,
  "eval_loss": 4.32906
}