{
  "epoch": 4,
  "train_loss": 5.07225,
  "eval_loss": 5.24296
}