{
  "epoch": 7,
  "train_loss": 4.84069,
  "eval_loss": 4.65137
}