{
  "epoch": 14,
  "train_loss": 4.46232,
  "eval_loss": 4.33969
}