{
  "epoch": 12,
  "train_loss": 4.55913,
  "eval_loss": 4.40787
}