{
  "epoch": 17,
  "train_loss": 4.37189,
  "eval_loss": 4.27395
}