{
  "epoch": 2,
  "train_loss": 5.41598,
  "eval_loss": 6.12255
}