{
  "epoch": 13,
  "train_loss": 4.51535,
  "eval_loss": 4.36503
}