{
  "epoch": 6,
  "train_loss": 4.89932,
  "eval_loss": 4.73696
}