{
  "epoch": 3,
  "train_loss": 5.19988,
  "eval_loss": 5.69718
}