{
  "epoch": 16,
  "train_loss": 4.40436,
  "eval_loss": 4.30351
}