{
  "epoch": 0,
  "train_loss": 7.52307,
  "eval_loss": 7.41321
}